11 5922 0 12263 17045 1402 168394 12996 198 561 1333 5040 8646 9729 6631 3960 8146 307 561 1333 5040 8646 9729 6631 45915 2947 502 59402 2947 198 1154 744 32949 2947 405 1944 271 759 1816 8146 6867 24912 1896 271 751 1189 40617 416 405 309 622 392 13225 11 5922 58502 271 606 739 26178 38193 877 51689 220 17 25 17511 759 2303 7237 279 15143 25 16465 261 15754 25087 49702 12220 483 261 23869 29703 6699 7290 1 484 6948 261 8205 2817 483 261 4590 3259 392 3938 1 326 7377
0 1328 382 261 1746 13 32949 2418 11 2375 13 32949 2375 0 12263 2167 1309 316 1646 290 37511 89494 484 14518 540 5153 18370 13 41021 1646 722 24161 29234 963 13 623 1621 382 392 13225 2375 0 1328 382 261 1746 13 32949 2418 11 2375 13 32949 2375 0 12263 2167 665 1646 24161 29234 963 25 392 13225 2375 18313 14518 540 290 10526 326 540 290 1268 13 8820 392 13225 1 14518 7598 4238 13 392 24169 1 14518 7598 4238 13 392 13225 2375 18313 14518 18370 13 392 13225
279 54 6808 65493 316 47584 11 4066 72368 3693 126615 290 57811 2322 4066 36 4543 9861 83062 82 13 279 12253 802 261 4022 41339 484 357 2411 481 3462 1775 12 279 3206 7890 1299 634 3176 3508 6092 1277 13 30456 481 4843 176810 290 3149 2201 503 1632 668 1761 1495 35174 1299 668 316 1652 483 634 41339 30 279 3206 7890 7163 279 3206 8224 1299 634 3176 3572 679 1339 6092 1277 2418 13 30456 481 4843 3587 945 4878 503 64461 1412 35174 1299 316 5381 503 3810 1078 30 5477
45798 26224 34044 2830 169925 34760 67843 279 8842 1732 38071 67843 30438 26224 97415 45798 26224 75160 120217 7475 28208 77449 40667 17066 24754 34760 145071 279 81794 26224 91930 6472 7610 45798 26224 151737 279 58 125759 34760 67843 60 279 8842 1732 1732 20573 125246 7735 141206 130149 50246 11855 35521 30205 7475 3091 100340 38071 34044 194649 20619 1402 16 13 6240 152851 66555 410 25 28123 166075 95885 81794 152851 66555 12144 4406 25508 85343 26224 75160 5131 61134 34760 7475 3091 100340 84593 392 7475 3091 100340 43929 61474 1 52239 392 26224 151737
1 350 1179 19 8 326 392 976 12246 328 290 31564 15659 1 350 1179 21 741 5006 5882 11 2049 625 8516 26707 316 290 392 33 47498 1 5594 11 28058 1232 75453 326 70602 316 14326 36419 28085 326 105885 364 410 56712 91587 976 392 33 47498 1 5594 20862 472 261 79130 316 290 46756 187147 2870 261 12166 326 261 87848 26165 13 20684 1043 9599 14122 326 39830 5618 11 1023 46530 261 3641 328 1101 484 625 1606 82406 889 1217 2656 21552 4525 326 39755 13 15273 18903 31726 18573
13 623 5030 382 261 25306 328 15405 326 6809 536 11 483 21574 85745 326 157615 177692 19624 13 623 1665 553 11888 326 290 4232 382 19134 13 357 8535 5238 316 14326 945 328 495 8467 5030 13 130321 228 64364 116 279 62915 0 44257 261 52287 3926 328 634 2201 483 261 945 6247 7845 326 261 3120 49015 395 45632 326 2713 1402 103995 40 4572 6821 306 40510 11 10198 11 326 357 4572 13907 26670 480 0 623 5030 382 261 35180 9762 328 15405 326 6809 536 11 483 21574 85745
11 6088 25 6088 7633 11 7620 6746 25 6088 7633 11 1308 25 5928 78200 11 5714 25 220 7633 19354 29338 15 11 3772 25 220 7633 7956 901 11 5030 25 1689 5240 940 11 2608 25 13180 11 16216 25 220 7633 2548 11 4931 25 9569 11 382 9943 25 1485 11 382 68283 25 1343 11 382 49627 25 1343 11 36178 25 36178 6820 11 36178 4239 25 3958 1684 18582 1136 124969 6820 11 5371 2243 25 220 1323 18 12 2290 12 2290 51 899 25 504 25 504 57 11
1343 11 18608 25 1343 11 38191 25 1343 11 93909 30409 25 1343 11 1625 168512 25 1343 11 17679 45332 25 1343 11 2893 55058 80552 25 1343 11 12421 5156 80552 25 1343 11 12421 5156 3160 21378 80552 25 1343 11 12421 5156 12416 409 25 1343 11 12421 5156 9953 12416 409 25 1343 11 12421 5156 80552 25 1343 11 12421 5156 3160 21378 80552 25 1343 11 12421 5156 12416 409 25 1343 11 12421 5156 9953 12416 409 25 1343 11 12421 5156 80552 25 1343 11 12421 5156 3160 21378 80552
314 392 2500 382 261 1746 2543 14396 1137 18 314 392 2500 382 261 1746 2543 14396 1137 19 314 392 2500 382 261 1746 2543 14396 1137 20 314 392 2500 382 261 1746 2543 14396 1137 21 314 392 2500 382 261 1746 2543 14396 1137 22 314 392 2500 382 261 1746 2543 14396 1137 23 314 392 2500 382 261 1746 2543 14396 1137 24 314 392 2500 382 261 1746 2543 14396 1137 702 314 392 2500 382 261 1746 2543 14396 1137 994 314 392 2500 382 261 1746 2543 14396 1137 899
25 392 16 220 17 220 18 220 19 220 20 220 21 220 22 220 23 220 24 220 702 220 994 220 899 220 1311 220 1265 220 1055 220 1125 220 1422 220 1157 220 858 220 455 220 2040 220 1709 220 1860 220 1494 220 1161 220 2109 220 2092 220 2029 220 2270 220 1130 220 2911 220 1398 220 2546 220 3020 220 2467 220 2636 220 2991 220 3150 220 3255 220 1723 220 4987 220 4689 220 5320 220 3336 220 2548 220 4217 220 4146 220 3519 220 3796 220
197 197 393 220 16 6842 11 220 17 18608 198 197 197 393 220 16 6842 11 220 17 18608 198 197 197 393 220 16 6842 11 220 17 18608 198 197 197 393 220 16 6842 11 220 17 18608 198 197 197 393 220 16 6842 11 220 17 18608 198 197 197 393 220 16 6842 11 220 17 18608 198 197 197 393 220 16 6842 11 220 17 18608 198 197 197 393 220 16 6842 11 220 17 18608 198 197 197 393 220 16 6842 11 220 17 18608 198 197
364 2167 1309 316 8420 8205 1511 261 4014 29228 70442 12083 364 2167 1309 316 5318 47576 11736 326 38774 364 2167 1309 316 5318 10664 25 538 8205 382 15796 11 622 2915 364 2167 1309 316 5318 290 1890 1919 290 8205 382 625 448 2817 540 290 2344 3211 25 319 1940 4213 538 290 8205 382 261 1621 503 2086 11 581 1309 316 622 448 2915 364 2167 1309 316 5318 290 1890 1919 290 8205 382 448 2644 540 290 2344 3211 25 319 1940 4213 723 16 11 17 11 18 2155
5784 11415 8590 13381 50461 7277 85591 85774 6996 5330 1395 49007 33962 19160 21280 13864 121 73045 3385 70486 137177 6632 5883 29884 6996 42043 8360 164454 788 279 39985 5205 1395 70486 137177 5784 11415 8590 13381 50461 7277 85591 85774 6996 53217 5280 42366 39065 48205 8300 15121 1497 16 13 220 101991 7277 11071 60097 5280 39065 1817 85591 85774 6996 11415 8590 13381 50461 3385 101991 7277 11071 60097 5280 3829 1395 125586 5784 13323 19160 85591 4377 11826 19493 7277 10170 60097 5280 134925 8745 39065 53217 6632 52572 15121 3414 17 13 57226
623 4853 19705 68347 65613 1072 290 29082 6446 13 623 4853 19705 68347 65613 1072 290 29082 6446 13 623 4853 19705 68347 65613 1072 290 29082 6446 13 623 4853 19705 68347 65613 1072 290 29082 6446 13 623 4853 19705 68347 65613 1072 290 29082 6446 13 623 4853 19705 68347 65613 1072 290 29082 6446 13 623 4853 19705 68347 65613 1072 290 29082 6446 13 623 4853 19705 68347 65613 1072 290 29082 6446 13 623 4853 19705 68347 65613 1072 290 29082 6446 13 623 4853 19705 68347 65613 1072 290 29082 6446 13
91109 7633 19354 29338 15 91109 7633 19354 4388 1214 309 461 15 87 7633 19354 29338 15 91109 7633 19354 29338 15 91109 7633 19354 7767 1214 309 461 15 87 7633 19354 29338 15 91109 7633 19354 29338 15 91109 7633 19354 22 64 1214 309 461 15 87 7633 19354 29338 15 91109 7633 19354 29338 15 91109 7633 19354 22 65 1214 309 461 15 87 7633 19354 29338 15 91109 7633 19354 29338 15 91109 7633 19354 22 66 1214 309 461 15 87 7633 19354 29338 15 91109 7633 19354 29338 15 91109 7633
63 93 1450 309 1189 4542 12170 314 620 1189 4542 740 309 19171 7526 314 620 19171 740 309 395 350 491 575 314 220 15 26 575 464 5517 26 575 4352 405 352 12170 3709 168140 18508 2243 48459 6689 2471 168140 3116 85583 309 606 309 622 12170 3552 916 740 271 758 271 602 31006 2595 316 10419 261 7526 3719 198 271 1249 1633 1189 10419 16537 6622 416 405 309 1189 1951 45513 314 10494 18582 1136 672 392 3190 1136 672 392 28434 4519 672 392 46455 7001 54893 309 1189 2698
3393 1092 26178 38193 31639 220 17 13 112235 2700 3679 85 63 57201 121 47119 279 43442 12370 2178 73544 23730 17793 3360 4286 103387 26019 2700 3679 85 63 57201 121 47119 6550 69771 6727 165383 32767 118053 788 75293 3221 22912 15038 32767 17705 9068 42 165383 6209 16597 12 23 1616 18647 7407 12617 168394 103423 198 3679 85 533 69 21144 74 533 83 22823 12 23 3422 7186 1424 4733 7186 198 26178 38193 31639 220 18 13 19709 60502 1404 26019 2700 3056 8102 63 154503 52095 279 43442 12370 2178 60502 1404
0 23813 52523 62561 60350 4600 130103 91546 83366 664 15951 30419 13 3456 146866 23709 17210 4702 13245 11 9901 10761 18634 56068 10937 13 3456 96919 30419 44039 30 220 702 30 220 455 30 220 1130 30 220 1723 30 220 1434 30 220 1910 30 220 2789 30 220 2241 30 220 2744 30 220 1353 30 220 1179 30 220 4095 30 220 4812 30 220 3234 30 220 6718 30 220 9534 30 220 6685 30 220 9752 30 220 1353 15 30 220 1179 15 30 220 4095 15 30 220 4812 15
0 12254 11926 95549 14625 1791 30137 54419 8335 7209 13 12254 95549 80281 136859 1368 104545 1791 148583 7179 117996 7223 539 7179 165259 82718 13 12254 11926 122708 26954 2065 95549 13 12254 11926 122708 53719 2065 95549 13 12254 11926 122708 71532 2065 95549 13 12254 11926 122708 153065 2065 95549 13 12254 11926 122708 163067 2065 95549 13 12254 11926 122708 184846 2065 95549 13 12254 11926 122708 5250 37892 2065 95549 13 12254 11926 122708 14448 77937 2065 95549 13 12254 11926 122708 180802 715 2065 95549 13 12254 11926 122708 4070 146666 2065 95549
3393 1092 271 2123 1526 1 20865 2201 25 354 22155 9118 23577 271 41096 9118 314 31288 9118 73254 9118 446 271 2123 1526 1 59783 2201 25 354 35217 9118 23577 271 58891 9118 314 32043 9118 157395 9118 446 271 2123 1526 1 172423 2201 25 354 141363 9118 23577 271 3696 4756 9118 951 58891 9118 11 392 172423 2201 2226 625 3981 4756 6635 1314 1746 27276 37373 35051 8609 8595 271 2123 9730 77 2414 25 117866 326 32043 8213 1621 1896 271 4756 9118 314 18061 271 2123 1526 1 20865 2201 25
350 5299 553 481 16918 279 20407 49864 0 69406 537 23255 334 98913 42903 1064 1382 7788 17527 11 13950 661 860 34805 126090 2565 49863 31568 1047 5340 293 3849 13 13236 45019 878 45339 261 51279 68980 342 83367 19675 45024 13 12873 1568 18998 49863 170184 30 279 20407 49864 0 279 20407 49864 0 12873 1568 18998 49863 170184 30 279 20407 49864 0 279 20407 49864 0 12873 1568 18998 49863 170184 30 279 20407 49864 0 279 20407 49864 0 12873 1568 18998 49863 170184 30 279 20407 49864 0 279 20407 49864
279 94691 2463 3926 113162 2894 334 6279 53492 11287 1 45751 11 1264 15058 537 153135 469 51664 32998 334 47882 469 118970 1221 305 6 106134 334 12650 13 4678 15058 12066 10149 686 305 17942 4078 2222 859 441 12480 2463 48969 334 17005 2671 505 46481 334 557 166376 13 643 12480 15488 2463 48969 334 17005 2671 505 46481 334 557 29607 334 13551 13 4678 15058 1221 557 24975 272 9788 9402 1930 25339 469 42780 3886 61893 859 71615 3886 89786 13 4678 15058 32165 1930 537 114057 1221 6279 9891 766 13
623 966 35809 22661 693 326 2476 29765 22661 438 1746 13 623 966 35809 22661 693 326 2476 29765 22661 438 1746 13 623 966 35809 22661 693 326 2476 29765 22661 438 1746 13 623 966 35809 22661 693 326 2476 29765 22661 438 1746 13 623 966 35809 22661 693 326 2476 29765 22661 438 1746 13 623 966 35809 22661 693 326 2476 29765 22661 438 1746 13 623 966 35809 22661 693 326 2476 29765 22661 438 1746 13 623 966 35809 22661 693 326 2476 29765 22661 438 1746 13 623 966 35809 22661
279 96950 1746 25 22861 225 13865 226 13865 227 13865 228 72041 102630 13865 233 13865 236 74762 122588 13865 245 13865 247 13865 248 13865 229 13865 238 13865 239 13865 114 13865 237 13865 96 13865 98 13865 106 13865 107 13865 103 13865 104 13865 112 13865 234 13865 249 13865 250 13865 251 13865 240 13865 241 13865 242 13865 243 13865 244 13865 252 13865 253 13865 254 13865 94 13865 95 13865 96 13865 97 13865 98 13865 99 13865 100 13865 101 13865 102 13865 103 13865 104 13865 105 13865 255
623 8583 382 316 1921 1495 290 99665 76848 495 2201 1511 20290 11 6980 1261 162998 3582 9862 326 107300 13 623 99665 1757 5318 290 2201 306 261 2006 484 80154 290 35665 328 6391 326 107300 11 326 480 1757 10635 261 1562 328 20290 484 665 413 2061 395 6544 12323 13 623 99665 1757 1217 5318 290 1890 1919 290 2201 8895 7598 40536 11 326 480 1757 33507 290 21872 35665 13 623 99665 1757 413 26497 326 5318 11165 7911 2238 472 7598 18608 11 620 10105 11 326 38191 13 623 99665
623 76281 382 261 9254 57475 11 326 290 4869 382 920 306 261 5030 484 853 261 3464 8723 328 261 3464 8723 13 623 76281 885 1308 382 12734 13 623 4869 1757 413 306 290 6240 30322 410 326 6240 81970 410 350 81970 2110 21279 8 6240 81970 410 21279 30 24305 11 290 21179 25 392 976 4869 1757 413 306 290 6240 30322 410 326 6240 81970 410 350 81970 2110 21279 8 6240 81970 410 21279 30 24305 11 290 21179 25 392 976 4869 1757 413 306 290 6240 30322 410 326
4614 1481 5659 30 623 6052 25 623 2375 1481 413 306 46639 11 1665 1481 4428 11 11736 1481 57604 11 5178 13 623 16464 1481 413 306 261 2608 328 2240 3002 586 11 889 290 22137 1481 1217 413 306 2240 3002 586 11 813 481 3572 625 3195 6049 80920 2236 290 3693 19523 483 481 13 3072 538 44967 29924 11 290 22137 3572 625 413 11608 316 16464 11 813 480 3572 57604 4194 13 3072 538 44967 29924 395 220 1494 5123 11 290 22137 3572 413 8803 13 3072 290 16464 1481
279 36210 16296 4464 40 5498 495 10263 22016 481 1775 13 357 939 5281 316 16644 4436 357 679 1339 98989 3283 1072 306 1039 2237 13 1877 261 9059 11 357 679 261 6247 53748 316 36763 326 2107 483 11736 13 1328 53748 382 29410 84232 3883 306 922 12741 326 382 261 997 328 922 6247 58957 326 16414 316 14326 922 50134 364 40 4218 484 922 12741 1340 413 53978 503 154043 395 481 11 889 4843 1761 484 480 382 625 85779 13 357 939 6462 3992 922 118984 326 29457 922 5870
4066 410 17045 410 25 4066 410 864 410 25 966 976 7100 328 290 8338 12936 693 4066 410 2507 410 25 623 1577 2163 328 12860 350 29570 220 455 404 741 4066 410 82166 387 410 25 4066 12 12598 13660 540 94579 316 5621 290 1577 4207 328 290 2163 13 4066 12 3164 4207 66298 326 111163 82 316 189964 290 622 328 4207 13 4066 12 73459 5143 261 17736 328 44926 27280 326 30400 13 4066 12 20410 5067 34008 402 6651 111163 82 326 8232 1373 1511 290 17307 13 4066 12
279 410 32 11247 4301 328 290 30479 326 353 20936 91587 5958 1577 290 41613 673 82825 656 25748 1803 11 4066 3436 43108 7396 2242 31766 1617 29000 55814 11 4066 976 57457 5148 11 306 149562 438 9144 6348 11 4066 12532 16601 11 261 134615 11 134159 8501 13 11691 3238 7842 290 24524 11 261 189771 11 12418 12848 55540 11 4066 2886 83499 15657 484 65493 306 290 56920 26 4066 7919 34262 261 18070 11 2890 326 4862 620 11 4066 2566 6355 2491 306 4705 11 57457 23510 13 11691 46 27941
623 91167 382 261 26555 8253 306 290 5030 11 326 290 5030 382 261 392 17500 328 220 16 11 1302 10 220 1353 15 1 350 3086 2086 220 1353 15 741 623 5030 853 261 19545 484 480 425 2878 9 350 72 2560 4213 6240 2878 410 6240 30 410 741 623 5030 853 261 19545 484 6240 30 410 350 3086 2086 220 16 11 326 290 6240 30 410 485 6961 6961 485 6961 485 6961 485 6961 485 6961 485 6961 485 6961 485 6961 485 6961 485 6961 485 6961 485 6961
623 11180 382 261 61635 11 124554 5030 484 5030 30 623 5030 382 261 5030 13 623 11180 382 261 124554 5030 13 623 11180 382 261 124554 5030 13 623 11180 382 1008 623 11180 30 623 11180 30 623 11180 30 623 11180 30 623 11180 30 623 1008 623 30 623 30 623 30 623 30 623 30 623 30 623 30 623 30 623 30 623 30 623 30 623 30 623 1008 623 30 623 30 623 30 623 30 623 30 623 30 623 1008 623 30 623 30 623 30 623 30