11 5922 0 12263 17045 1402 168394 12996 198 561 1333 5040 8646 9729 6631 3960 8146 307 561 1333 5040 8646 9729 6631 45915 2947 502 59402 2947 198 1154 744 32949 2947 405 1944 271 759 1816 8146 6867 24912 1896 271 751 1189 40617 416 405 309 622 392 13225 11 5922 58502 271 606 739 26178 38193 877 51689 220 17 25 17511 759 2303 3167 279 15143 25 730 261 15754 25087 12220 11 5067 261 2595 484 25640 15955 13782 316 6699 70 5409 1 326 6948 261 2616 11047 392 897 4050
0 1328 382 261 1746 13 1328 1746 382 1606 261 1746 13 32949 2418 13 1328 382 261 1746 13 1328 1746 382 1606 261 1746 13 32949 2418 13 1328 382 261 1746 13 1328 1746 382 1606 261 1746 13 32949 2418 13 1328 382 261 1746 13 1328 1746 382 1606 261 1746 13 32949 2418 13 1328 382 261 1746 13 1328 1746 382 1606 261 1746 13 32949 2418 13 1328 382 261 1746 13 1328 1746 382 1606 261 1746 13 32949 2418 13 1328 382 261 1746 13 1328 1746
279 54 6808 65493 316 47584 11 4066 72368 3693 126615 290 57811 2322 4066 79115 885 34768 196171 13 279 12253 802 261 4022 41339 484 357 2411 481 4720 679 316 6240 1 410 279 3206 7890 1299 634 3176 3508 6092 1277 13 30456 481 4843 3587 290 2867 328 290 41339 503 64461 1412 35174 1299 668 316 621 483 480 30 279 3206 7890 7163 16054 395 261 4022 41339 484 481 3572 679 316 392 9566 1 503 392 65322 3692 1843 7163 3778 395
45798 26224 34044 2830 169925 34760 7610 118757 35521 1384 279 410 102473 7453 68733 25 91587 16 13 6240 1 97797 6560 34044 50436 12144 30438 26224 97415 1 410 533 392 40 939 261 7150 1647 14396 17 13 6240 1 97797 6560 34044 50436 12144 30438 26224 97415 1 410 533 392 40 939 261 7150 1647 14396 18 13 6240 1 97797 6560 34044 50436 12144 30438 26224 97415 1 410 533 392 40 939 261 7150 1647 14396 19 13 6240 1 97797 6560 34044 50436 12144 30438 26224 97415
1 350 1179 23 8 326 392 976 12246 328 290 31564 15659 1 350 1179 24 741 5006 5882 6108 261 15008 20672 483 28085 328 16696 11 8197 11 326 15186 105885 364 410 17 13 26536 328 290 60374 328 92045 326 60958 91587 12 6240 65181 46942 350 3204 15 82 3127 410 623 4871 5882 11 2238 472 392 976 12246 328 290 31564 15659 3532 21611 261 5184 402 19322 105885 326 12951 261 110310 483 290 5765 100238 30022 365 13 623 7158 328 261 3809
13 623 5030 382 261 25306 328 15405 326 6809 536 11 483 261 35180 116456 326 261 5532 8512 328 4832 13 623 5030 382 1217 5542 395 1617 6107 35981 326 40154 11 1118 3587 261 37838 21544 591 290 113934 326 153490 328 290 5030 13 279 12253 382 261 52287 3926 328 290 2201 484 64748 290 17222 6629 1402 1 173844 382 261 5030 484 382 5542 395 1617 35180 9674 326 124554 25360 13 1225 382 261 5030 484 382 3149 328 2615 326 5954 11 326
11 6088 25 6088 7633 11 7620 6746 25 6088 7633 11 1308 25 5928 78200 11 5714 25 220 7633 19354 29338 15 11 3772 25 220 7633 7956 901 11 5030 25 1689 5240 940 11 2608 25 13180 11 16216 25 220 7633 2548 11 4931 25 9569 11 4766 3695 25 220 29143 8780 8780 8780 8780 16 11 4766 99878 25 220 899 14 1494 11 4766 34 13984 25 220 7633 11 4766 864 25 5928 78200 11 4766 5352 25 220 7633 7956 901 11 4766 15764 25
220 16 11 220 17 11 220 18 11 220 19 11 220 20 11 220 21 11 220 22 11 220 23 11 220 24 11 220 702 11 220 994 11 220 899 11 220 1311 11 220 1265 11 220 1055 11 220 1125 11 220 1422 11 220 1157 11 220 858 11 220 455 11 220 2040 11 220 1709 11 220 1860 11 220 1494 11 220 1161 11 220 2109 11 220 2092 11 220 2029 11 220 2270 11 220 1130 11 220 2911 11 220 1398 11 220
314 392 2500 382 261 1746 2543 14396 1137 18 314 392 2500 382 261 1746 2543 14396 1137 19 314 392 2500 382 261 1746 2543 14396 1137 20 314 392 2500 382 261 1746 2543 14396 1137 21 314 392 2500 382 261 1746 2543 14396 1137 22 314 392 2500 382 261 1746 2543 14396 1137 23 314 392 2500 382 261 1746 2543 14396 1137 24 314 392 2500 382 261 1746 2543 14396 1137 702 314 392 2500 382 261 1746 2543 14396 1137 994 314 392 2500 382 261 1746 2543 14396
25 392 16 220 17 220 18 220 19 220 20 220 21 220 22 220 23 220 24 220 702 220 994 220 899 220 1311 220 1265 220 1055 220 1125 220 1422 220 1157 220 858 220 455 220 2040 220 1709 220 1860 220 1494 220 1161 220 2109 220 2092 220 2029 220 2270 220 1130 220 2911 220 1398 220 2546 220 3020 220 2467 220 2636 220 2991 220 3150 220 3255 220 1723 220 4987 220 4689 220 5320 220 3336 220 2548 220 4217 220 4146 220 3519 220
197 197 393 220 16 6842 11 220 17 18608 198 197 197 393 220 16 6842 11 220 17 18608 198 197 197 393 220 16 6842 11 220 17 18608 198 197 197 393 220 16 6842 11 220 17 18608 198 197 197 393 220 16 6842 11 220 17 18608 198 197 197 393 220 16 6842 11 220 17 18608 198 197 197 393 220 16 6842 11 220 17 18608 198 197 197 393 220 16 6842 11 220 17 18608 198 197 197 393 220 16 6842 11 220
364 2167 1309 316 8420 8205 1511 261 4014 29228 70442 12083 364 2167 1309 316 5318 10664 25 538 8205 382 15796 11 622 2915 364 19734 11 581 1309 316 5318 290 1890 1919 290 8205 382 625 261 4014 350 68 1940 4213 2644 741 730 484 1890 11 581 665 622 448 2915 364 48442 1402 12 7649 5701 86252 316 8420 1511 4014 29228 70442 12083 364 12 1843 2915 11 622 2915 364 12 1843 290
5784 122636 7277 85591 85774 6996 5784 1 350 31559 9762 20647 3283 741 2632 290 27179 392 70486 137177 5784 122636 7277 85591 85774 6996 5784 1 382 261 6348 25 392 31559 9762 20647 3283 3692 2632 290 27179 392 70486 137177 5784 122636 7277 85591 85774 6996 5784 1 382 261 6348 13 2632 290 27179 392 70486 137177 5784 122636 7277 85591 85774 6996 5784 1 382 261 6348 13 2632 290 27179 392 70486 137177 5784 122636 7277 85591 85774 6996 5784 1 382 261 6348 13 2632 290
623 4853 19705 68347 65613 1072 290 29082 6446 13 623 4853 19705 68347 65613 1072 290 29082 6446 13 623 4853 19705 68347 65613 1072 290 29082 6446 13 623 4853 19705 68347 65613 1072 290 29082 6446 13 623 4853 19705 68347 65613 1072 290 29082 6446 13 623 4853 19705 68347 65613 1072 290 29082 6446 13 623 4853 19705 68347 65613 1072 290 29082 6446 13 623 4853 19705 68347 65613 1072 290 29082 6446 13 623 4853 19705 68347 65613 1072 290 29082 6446 13
91109 7633 19354 29338 15 91109 7633 19354 4388 1214 271 461 15 87 7633 19354 29338 15 91109 7633 19354 29338 15 91109 7633 19354 7767 1214 271 461 15 87 7633 19354 29338 15 91109 7633 19354 29338 15 91109 7633 19354 2241 1214 271 461 15 87 7633 19354 29338 15 91109 7633 19354 29338 15 91109 7633 19354 9989 1214 271 461 15 87 7633 19354 29338 15 91109 7633 19354 29338 15 91109 7633 19354 10116 1214 271 461 15 87 7633 19354 29338 15 91109 7633 19354 29338 15 91109
63 93 1092 271 395 1826 306 3582 94246 734 309 538 1826 306 6088 734 352 622 7983 198 271 622 6432 279 1314 14986 22012 41121 1883 271 7037 271 13888 1381 290 6088 4372 290 10185 17572 558 271 9609 261 31311 350 276 23321 11 2915 13968 6294 271 7037 271 538 4631 41121 8 464 220 23 734 309 622 7983 11 392 6746 2804 413 540 5153 220 23 9862 1701 14396 271 538 625 322 16718
3393 1092 26178 38193 31639 220 17 13 112235 2700 3679 85 63 57201 121 47119 279 43442 12370 2178 21117 141182 11309 3360 30555 103387 26019 2700 3679 85 63 57201 121 47119 6727 165383 32767 118053 788 75293 3221 22912 18647 7407 12617 168394 103423 198 3679 85 533 69 22823 12 23 533 83 21144 74 3422 7186 1424 4733 7186 198 26178 38193 37227 979 63 12 69 22823 12 23 63 164698 8745 14085 20715 32767 1616 118053 6209 52888 12 23 979 63 12 83 21144 74 63 164698 8745 73856
0 23813 52523 62561 60350 4600 130103 91546 83366 664 15951 30419 13 3456 146866 23709 17210 4702 13245 11 9901 10761 18634 43196 17210 9558 338 16301 13 3456 24699 317 392 9501 131903 1 46831 20674 31039 4702 13 3456 24699 317 392 500 2479 1 42731 46831 20674 13 3456 24699 317 392 338 4255 62561 1 46831 20674 28440 4702 13 3456 24699 317 392 338 99379 1 46831 20674 28440 4702 13 3456 24699 317 392 100428 369 664 15951 1 46831 20674 28440 4702 13 3456 24699 317 392 1470
0 12254 11926 95549 14625 1791 30137 131241 539 7179 121759 13479 13 51464 90167 63898 2065 95549 25376 29356 140031 16875 2162 17235 13 1202 1115 76678 27413 220 16 25 92318 927 18746 56571 121759 13479 51654 198 1115 76678 27413 220 17 25 1718 2128 697 95549 7179 159743 198 1115 76678 27413 220 18 25 25759 42098 159743 279 78002 11926 87133 92755 1408 13 51464 183546 95549 69080 44354 134045 870 13 1202 1030 14100 11164 9211 46304 870 12254 87715 13 793 34508 2 112514 121759 13479 198 25090 5933
3393 1092 271 2123 1526 1 20865 2201 25 354 919 23577 271 41096 314 31288 9118 13414 446 271 2123 1526 1 59783 2201 25 354 35217 23577 271 58891 314 32043 9118 157395 446 271 2123 1526 1 172423 2201 25 354 141363 23577 271 3696 58891 951 2201 11 392 172423 2201 2226 625 3981 4756 6635 1314 1746 35051 8609 8595 271 2123 9730 77 2414 25 40062 1189 1896 271 2201 314 18061 271 2123 1526 1 20865 2201 25 24918 919 24321 1896 271 41096 314 31288 9118 13414 446 271 2123
279 20407 49864 0 69406 537 23255 334 98913 42903 1064 1382 7788 17527 11 13950 661 860 34805 126090 2565 49863 31568 1047 5340 293 3849 13 13236 45019 878 45339 261 51279 68980 342 83367 19675 45024 13 12873 1568 18998 49863 170184 30 279 20407 186248 0 279 20407 11757 563 0 12873 1568 18998 49863 170184 30 279 20407 186248 0 279 20407 3263 75324 0 7832 89369 36881 406 13967 11 9947 93583 13 279 20407 186248 0 279 20407 3263 75324 0 7832 89369 36881 406 13967 11 9947 93583 13
279 94691 2463 3926 113162 2894 334 6279 53492 11287 1 45751 11 1264 15058 537 153135 469 118970 859 1264 15058 1221 557 24975 272 9788 9402 334 220 21 19924 13 643 12480 537 43485 334 102471 330 1880 11 2899 1264 15058 15488 45280 377 686 505 35494 272 41670 17986 97396 13 4678 15058 1221 557 24975 272 9788 9402 2671 505 46481 334 305 17942 4078 2222 11 859 1264 15058 32165 1930 537 9402 334 220 21 19924 13 4678 15058 1221 557 24975 272 9788 9402 2671 505
623 966 35809 22661 693 326 2476 29765 22661 438 1746 382 261 1746 484 382 2061 316 1746 290 966 35809 22661 693 326 2476 29765 22661 438 1746 13 623 966 35809 22661 693 326 2476 29765 22661 438 1746 382 261 1746 484 382 2061 316 1746 290 966 35809 22661 693 326 2476 279 3206 7890 1299 7163 3778 395 261 2006 316 1746 290 17491 328 8847 22661 326 4590 22661 306 261 2201 13 1843 7163 4113 483 261 23238 6439 503 261
279 976 4733 382 1402 26178 7450 84083 198 41736 198 82514 52622 121 198 96606 198 31446 107 198 26178 38193 5808 290 3490 5882 364 84787 11 290 6052 382 316 1199 290 42588 8302 2700 56965 31843 59 84 1179 35 4898 8528 59 84 35 10127 34 58612 84 35 2052 15 66126 84 9661 3254 60 50649 84 35 10127 35 58612 84 9843 504 66126 84 2052 19 37 60 50649 84 35 10127 35 58612 84 2052 2241 66126 84 2052 3254
623 8583 382 316 1921 1495 1991 20290 553 13768 591 495 2201 13 623 2201 6664 7598 40536 11 326 290 99665 1757 20323 12648 1373 1511 20290 13 623 2201 382 6884 316 413 1701 4951 316 1746 290 6602 2860 2273 13 623 2201 6664 261 7968 328 9862 11 3463 18151 11 8663 11 107300
623 76281 382 261 64616 30995 11 889 290 20837 382 261 620 6340 484 853 1339 2061 306 290 1890 13 623 76281 853 261 17962 11180 11 17962 11180 220 16 13 623 76281 853 261 17962 11180 220 17 13 623 76281 853 261 76281 13 623 4869 382 6967 306 290 4869 13 623 76281 382 261 392 34415 279 976 76281 673 261 64616 30995 11 483 261 22785 395 37367 1952 290 1645 8012 7911 13 1679 1458 6177 480 722
4614 1481 5659 30 623 6052 25 623 2375 1481 413 306 46639 11 483 1665 35887 11 20312 26176 11 5178 13 623 4928 25 392 61443 261 5277 1919 44967 29924 4113 395 220 1494 5123 13 4614 1481 5659 16842 623 6052 25 623 2375 1481 413 306 46639 11 483 1665 35887 11 20312 26176 11 5178 13 623 4928 25 392 61443 261 5277 1919 44967 29924 4113 395 220 1494 5123 13 4614 1481 5659 16842 623 6052 25 623 2375 1481
279 36210 16296 4464 40 5498 495 10263 22016 481 1775 13 357 939 5281 316 16644 4436 357 679 1339 98989 3283 1072 306 1039 2237 13 1877 261 9059 11 357 679 261 6247 53748 316 36763 326 2107 11 326 98989 3283 1072 382 261 2006 395 668 316 35441 495 53748 364 5958 357 27082 3543 1072 11 357 939 625 6700 316 7075 10364 503 11454 13 357 939 6462 3992 922 6247 118984 326 29457 922 5870 13
279 410 76196 7317 142760 6240 149559 7100 91587 410 2507 142760 38944 780 44602 402 290 1577 10722 328 8051 364 410 92340 142760 102323 7100 382 261 29792 328 58834 11 12585 11 326 39830 5618 6200 722 1665 11 23994 328 1043 50066 11 34683 11 503 36472 13 1225 27916 316 15232 10335 326 36066 5251 15174 15061 11 38235 1665 316 22409 1043 19504 2049 79396 9599 4824 364 410 82166 387 25 91587 16 13 6240 38698 83705 963 142760 91257 40074 2698
279 410 46 613 316 290 70418 48892 91587 637 290 38880 328 69119 20040 11 1919 40057 18487 326 108982 162784 412 5632 24384 261 57457 15609 11 261 62129 328 14673 11 261 27941 328 14147 650 387 558 2886 41613 472 290 16630 11 261 82582 155735 412 32 5357 45577 328 135361 11 261 26552 328 40057 8222 1280 364 3238 7842 290 55814 11 261 29000 40029 11 261 79130 316 69119 5427 940 412 32 44373 10636 328 52647 2816 326 158583 11
623 91167 382 261 116295 328 19544 11 261 116295 328 64016 11 326 261 26555 11 26555 11 26555 13 623 91167 885 1308 382 392 976 80558 36035 3692 623 4869 1757 413 306 261 392 50482 1 6011 11 326 480 1757 413 261 1899 4869 13 623 4869 1757 1217 3931 261 392 69 110852 1 503 392 69015 289 1 350 3086 1577 326 290 1548 491 11 503 290 1548 491 326 290 38917 741 623 4869 1757 679 261
623 11180 1757 413 306 261 12525 9100 11 326 290 85508 350 3086 85508 382 261 6240 1008 410 30 24305 11 290 15226 5003 25 392 976 85508 350 3086 85508 382 261 6240 1008 410 30 24305 11 290 15226 5003 25 392 976 85508 350 3086 85508 382 261 6240 1008 410 30 24305 11 290 15226 5003 25 392 976 85508 350 3086 85508 382 261 6240 1008 410 30 24305 11 290 15226 5003 25 392 976 85508 350 3086 85508 382 261 6240
